0 2 3 6 1 8 5 4 7 
2 0 3 6 1 8 5 4 7 
2 1 3 6 0 8 5 4 7 
2 1 3 6 4 8 5 0 7 
2 1 3 6 4 8 5 7 0 
2 1 3 6 4 0 5 7 8 
2 1 3 6 0 4 5 7 8 
2 1 3 6 7 4 5 0 8 
2 1 3 6 7 4 0 5 8 
2 1 3 0 7 4 6 5 8 
0 1 3 2 7 4 6 5 8 
1 0 3 2 7 4 6 5 8 
1 3 0 2 7 4 6 5 8 
1 3 4 2 7 0 6 5 8 
1 3 4 2 0 7 6 5 8 
1 0 4 2 3 7 6 5 8 
0 1 4 2 3 7 6 5 8 
2 1 4 0 3 7 6 5 8 
2 1 4 3 0 7 6 5 8 
2 1 4 3 5 7 6 0 8 
2 1 4 3 5 7 0 6 8 
2 1 4 0 5 7 3 6 8 
0 1 4 2 5 7 3 6 8 
1 0 4 2 5 7 3 6 8 
1 4 0 2 5 7 3 6 8 
1 4 7 2 5 0 3 6 8 
1 4 7 2 5 8 3 6 0 
